Alarm*9
470956
345008
189089
349085
335944
194889
317593
399408
1170
27282
184303
128342
193328
186488
Relay@1
285055
456171
203741
58956
310374
77498
318243
197734
104885
281647
258200
438232
120941
164545
62646
349480
34121
144323
60271
396203
187902
1234567pi
345087
168161
192485
89107
405327
347098
117241
75722
252579
49693
72310
266816
459000
359225
375488
175070
92788
135173
212498
206894
189839
88304
34213
163550
355465
35913
141644
233318
151447
253607
180166
111149
112249
431204
466664
141700
422231
222071
380823
326677
167095
alarm8
136999
74629
152565
107615
458658
16242
382223
337379
213042
453498
232153
216448
96047
257042
14554
315746
62998
297809
460864
260837
138281
418899
340941
60727
265704
436889
216295
367685
296454
346093
178420
4272
288780
11996
470979
Wifi123
348703
337913
265924
313932
417433
90732
245741
188816
460221
79077
277288
266873
138668
267924
monitor@8
168467
18904
75043
147036
client@2
464856
213806
157495
322160
447759
250830
55570
339535
424409
442293
446724
469459
85980
234633
442195
373564
226899
232730
56261
88509
358642
255611
79243
79010
162567
110080
14817
98040
227237
371951
217786
28041
122268
7943
112350
203301
30135
403648
180522
399370
9642
441505
156543
413528
367611
401701
376683
135068
297841
413827
103518
466061
219936
217073
165840
393098
55048
6704
166390
437760
75578
137858
91438
51690
302241
308658
265211
92062
344308
316595
438960
470479
39285
338241
11722
425388
138048
user&6
70339
132368
106522
442601
Client.9
99266
435448
2023access
390232
157575
43803
428270
111sweetheart
410171
80294
472006
407004
101665
456043
399462
76720
409517
10897
389565
48177
67594
245568
8928
94146
256204
333809
333774
387644
2222lock123
310981
264070
436401
411067
236464
420728
173821
411787
22420
373046
46451
357406
430669
400203
123love1234
67565
91413
789sony
2206
49119
89980
409718
469404
347778
147706
299490
391614
297112
340078
49090
140449
200762
224916
124251
459478
150193
227399
Super_1234567
416743
72841
337267
283491
167587
26258
258727
19792
401604
12345678trustno1
456897
442991
316227
392414
231992
287811
201338
431583
48384
69635
48852
297759
224104
247133
390528
49188
86032
48572
316535
74659
266068
351619
1312
433461
404671
83237
26675
449697
208816
461033
255504
259695
114854
123893
173508
427303
157114
389174
master_4
relay-0
126280
189432
304898
211578
115721
109693
80379
109530
214187
243020
122682
460116
253242
115831
297269
332235
112079
234981
392786
339806
127746
200006
256964
469979
393653
370653
461617
40694
93471
178759
71751
393551
223675
269784
219642
347863
394376
234196
303362
39324
173582
171249
199941
470909
434886
206984
77602
323494
139398
386193
Master_
27252
229403
461396
lg8
341917
323955
73584
247819
318691
router1234567890
331331
444407
16341
126116
448433
218502
291006
344873
98684
51871
165664
124128
139879
296679
99513
206644
16778
449014
69162
147210
265638
125148
147633
208114
83672
250062
159347
73067
446128
270592
156594
432629
354546
336621
122907
341442
245380
241638
175222
118580
22065
120661
293492
225411
461513
85734
420628
71887
323964
222741
465770
789password
182745
211447
103372
435507
323468
325381
40162
336806
157905
299201
36950
432019
65975
369218
149827
112346
418676
382749
212949
198497
63580
166480
relay$2
170558
349632
233047
124683
214034
448876
40470
122854
54689
277233
222671
444119
427629
404615
163514
314219
13147
361468
58905
168845
230679
379164
415220
242532
262052
446848
294695
351423
374037
391603
387233
26950
58424
149589
388525
24588
1160
186296
271097
306968
418168
41651
116268
411654
125831
2634
300393
179986
50969
453624
54129
248737
226204
415732
460220
173350
296999
147875
353195
381908
381760
218762
23692
12304
422057
369885
93065
arduino7
134840
54676
396356
61186
365676
398842
302439
23751
50833
343222
372012
462154
26733
437182
257693
180118
64054
398529
17435
136032
170083
138306
49377
270489
308166
425511
471279
104137
415487
81830
327145
120283
416059
88977
69816
55460
390317
428439
141718
73906
node@12345
18432
239715
220322
227090
452894
413540
18828
272238
48186
Iot!5
52879
111801
368621
6148
276692
8592
16940
409317
wifi*12345678
187694
450936
63171
64067
server$2
199221
221469
Alarm&1234567
345352
414323
462370
117338
4533
388038
11726
296268
409326
248862
451732
231000
461784
363549
42980
112464
Alarm$12345
4294
394856
422905
462976
272322
69339
68441
372039
231945
93851
190026
13709
339988
99237
224203
225424
4214
Esp32_0
449283
447533
460777
340767
189169
41191
117306
13399
315948
296656
357933
366750
295810
393848
429077
211081
418710
387440
438485
52505
328435
107110
63800
304198
317558
174444
452830
31970
165025
211918
438722
master123
133790
102334
288813
371919
463229
155489
20031
97755
288110
397898
294432
164083
329498
System#7
57125
447740
266553
140800
453904
sensor@1234567890
112951
200113
178661
405194
418597
429385
186803
188009
54653
18522
62531
1111qwerty
469993
30355
387982
246369
427309
252365
64829
7emqx
184030
57406
158614
165732
87277
378531
65663
448747
277544
415593
280621
312567
41827
137327
1sensor
375993
27378
266194
Admin_1234567
395752
sunshine66
38607
301542
243834
237791
14034
315414
389578
373265
227047
364897
18673
112333
68875
329740
216884
204920
404624
454016
139000
437429
36654
325682
246697
196558
128025
394055
347299
265966
93318
71286
12345678spiderman
357459
116620
121556
177051
184194
417668
411419
89563
339161
379414
237052
386255
103005
251843
250163
213027
Relay#1234567
141179
55honey
258934
79090
19913
428239
306316
46370
153038
137734
180016
21696
446429
22930
30455
239351
45818
354114
84285
61956
266033
74219
228252
109724
310155
179552
263306
95567
Test_123456789
125257
140821
469850
319991
458037
200681
430026
107476
987zwave
429141
11121
250912
314707
444705
96986
124763
96180
441780
416211
213124
446553
453555
260418
347090
141694
17913
432253
331885
414245
257659
325851
212810
64737
371864
210962
love123123
429438
8077
57616
24364
297429
16780
107004
206807
190475
254047
115663
230299
376797
286101
286720
17616
441069
130284
81504
158575
359385
arduino#1234
16694
149568
216095
17070
364633
156988
iot123321
457014
164786
Security!123456
56935
154547
256515
134917
304370
367234
354761
404874
147128
400862
312301
390468
7387
284297
347165
461801
83902
369935
135348
139786
282164
4161
307432
45732
116850
password-123456789
77054
289588
153882
194624
356251
128797
433324
350319
301923
17727
301384
Broker!
225857
351207
463728
91365
268545
250099
333053
155469
331468
286702
244674
212195
305264
Camera*2
225687
321894
448373
167206
167039
384186
235727
40392
198734
master2026
134036
309528
141535
456957
323142
182237
76785
357655
40083
319982
383177
327378
236634
welcome3
330601
198559
410411
248676
135645
22497
39407
133027
400116
363159
178305
340020
114565
158076
281781
2device
75199
300866
453987
461927
292209
383723
66974
284565
41886
75949
295458
380491
277410
355499
138814
444546
4432
113426
459733
185062
260351
276863
147562
358106
104760
5119
398627
43540
328730
147786
319364
208184
241240
386388
119608
cloud1
418411
29031
55274
435829
User-7
74824
374213
2026abc123
443829
1100
45852
412661
262981
429244
433641
256963
351174
261067
129404
309895
468699
33422
472354
447463
284534
420203
169374
421741
51218
457980
404372
247158
89244
95547
418029
301835
378612
234458
209374
19275
234880
305277
419370
202451
alarm&9
40933
103574
257026
397725
117154
112199
468714
114873
416299
secure*1234567890
348376
370527
Admin&123456
444964
258847
152874
220507
78647
470031
22139
469957
269167
66421
174705
395597
242571
320060
286542
184622
26617
153493
232239
281802
41410
455066
64080
294421
169284
277058
39863
96893
334148
237413
cloud*1234
131682
37514
278175
54697
216319
102395
352419
26647
255539
341366
105425
305440
201074
Device-123
153272
377404
462835
168686
184405
170585
410562
15029
65406
328912
32841
376616
417029
88sony
250014
123844
0spiderman
31936
8automation
319419
225036
419189
377498
115312
382458
358056
161248
373126
336517
12210
415673
256999
192547
210544
93028
434846
369011
29792
410757
282177
109966
master#123456
smart$8
server.8
415261
389763
415413
51477
189488
329920
319644
108786
12nodemcu
157589
269120
134551
414161
419465
204203
125642
391848
419480
124327
317942
72224
387528
123relay
237337
113312
Broker#7
423272
253462
439465
118245
469500
196668
409418
88322
446549
335132
107583
322604
216666
0000home
221468
261116
159315
452669
343255
147034
3619
134164
Mqtt@12345678
144605
456172
243328
115247
306040
baseball8
139427
166333
163639
224242
309877
313199
108631
316167
36294
167644
422739
201704
super_6
191660
181137
371785
284800
334800
167660
342471
123456789root
336894
192404
2019network
247670
102053
458578
438182
418714
301731
402189
254196
296927
21417
191376
194418
457668
83598
323510
captain6
445731
236721
386762
395364
379799
295641
17897
134642
351112
269329
86380
165668
360110
107249
136460
19141
155516
411807
311660
222621
216949
69824
110629
164653
208971
442166
302247
376889
94398
269911
84644
14764
468436
315669
218886
70577
263895
94311
25425
56252
295079
96124
241025
380575
178849
383401
101733
371628
55999
33207
107391
418919
140820
350722
239658
131501
245138
238798
184112
168241
156000
317328
233036
73361
306942
404218
429288
167904
93649
167220
Root#0
252790
146226
175833
30041
443145
179153
47029
29570
65904
91615
273750
443795
422304
124397
466272
356123
395655
95913
451329
223815
93615
455800
469019
60633
164930
222042
237898
201149
125441
244746
64814
471984
324316
guest*6
43601
Password@8
149480
334696
450817
Gateway#5
121198
109421
320796
130893
228336
297992
229466
451295
134851
iot_1
424493
377816
110955
195354
235455
211410
52188
70536
116750
335389
248672
89045
391778
238620
247261
82019
393074
342887
438905
141025
319495
24849
303893
91392
pirator123456
285094
381526
175985
73065
416641
342408
259174
51701
212473
179877
310735
394004
461260
205362
291310
278241
327740
136058
99088
108841
327705
234309
314400
286879
154990
374697
290197
88hubitat
213055
418341
441418
336088
135251
387546
30095
440353
14829
353006
113974
443273
158519
75667
110398
136585
416155
39598
439594
432218
272075
349272
317330
300954
148090
2025marvel
374980
104814
33752
119605
141260
314842
34565
15896
5961
169862
12459
364202
443507
440722
367003
35604
305989
188617
386095
231706
281229
222637
bulb8
152489
391681
379787
129251
101971
128358
12256
100558
cloud@123456
2024sensor123
166537
365056
355135
392425
140411
173175
101436
279759
137236
146485
162909
339549
348548
369901
79850
354101
326960
452354
339499
386026
Arduino!4
85623
459663
141827
373556
203553
114188
428586
378265
266950
436672
321187
431163
123249
359035
90341
216025
59770
253331
366692
212563
257354
Wifi#123456789
268873
237442
360334
371873
58707
401359
346461
203660
2358
107970
pirator12
341092
199307
320562
322391
182448
88838
Broker*12345
219490
35432
369323
29280
313564
172387
399776
466151
413538
42135
468476
405679
467332
153614
428346
6669
223349
306197
153744
136005
65410
301449
secure!6
301630
415223
90315
412396
456914
448825
176710
57136
107659
50596
366333
268858
375825
216373
348847
23027
35271
106010
375731
arduino!7
421636
235710
96311
19079
35778
368280
352984
207045
207480
security4
337626
152557
411520
302725
246097
120001
334906
31402
319598
59653
168850
359678
117843
284277
277520
373301
407398
309374
466781
dlink
406471
191174
142145
344182
274784
323784
90453
193250
113924
Super!2
233542
23432
93105
334510
170311
189692
Server7
380312
6429
32096
341181
52974
131825
relay&12345678
392693
8388
150122
1siri
411785
control@12345
203817
48006
248386
honey12
4994
56146
184016
282788
390505
261823
126548
47830
232061
385715
176809
171146
pi@2
168872
398715
430894
266900
220037
000cloud
101451
258091
323340
242931
112273
462764
89839
399681
196335
240882
418071
91238
cloud111
95794
402033
127163
183997
257578
291834
359884
334078
328585
155613
194949
108514
187942
46496
72552
61872
280623
322932
112907
88136
402163
179295
203305
196565
85724
197970
151960
305156
301800
35228
398357
81831
58011
145636
342337
63866
162780
98500
130141
403525
58353
student789
190097
270129
46341
300044
294413
372332
204330
TRUSTNO1
250594
383519
259818
148524
452274
450934
24674
454819
46064
368083
182319
303167
32226
153365
119282
393193
334945
789netgear
368773
359378
204484
78220
191737
357285
293674
339002
164813
17022
314607
391983
400177
106078
281259
138478
223416
328425
120198
234928
bulb123456789
58974
60714
166955
82853
188111
159154
427759
29582
111340
471532
252603
113942
331251
187099
99128
229847
323027
test_9
relay.
448311
84171
254031
23151
wifi.9
162916
168941
83058
92501
375877
467808
77557
407268
48259
278780
camera_2
215728
226906
277416
363761
54782
62547
234345
275300
256019
189431
110671
301496
101512
249475
345738
442597
99035
149690
338284
96490
430270
199740
63847
459270
255776
Lock$12
211222
393170
246719
438895
413313
alarm#
411101
428780
354135
55780
36763
318003
349994
371760
274272
113362
371471
6452
440925
189353
299959
69693
38441
174683
283730
75780
426546
258804
134196
148637
303542
370433
31435
321591
145294
vera3333
92685
460058
57809
310118
164184
357030
423832
2camera
81822
52079
351439
255561
374174
368674
47697
299313
422327
224280
178292
437231
233284
135018
430882
1446
207031
309349
408520
410122
263513
276498
148753
437908
116104
40069
1652
166056
59171
316121
140856
238728
30361
239900
353747
297703
194294
348047
436312
219947
1111camera
237579
183248
216237
225239
337998
365424
306946
158482
87661
34476
350120
417457
201976
396175
2149
227952
148281
307801
29150
314744
39318
340242
471762
46828
5user
125075
441633
117273
46730
11092
32669
292662
439802
272891
57804
413087
128897
203362
272364
81352
353272
85427
113775
242765
406491
164297
434492
358277
97652
145228
196204
339680
120500
402288
112847
159934
453212
266438
228949
154731
395683
353539
405929
415597
47654
129901
359365
194645
359873
379748
437941
218481
23279
207751
382105
293148
444862
77356
349411
155847
raspberry!3
334708
373784
470833
307991
289305
145373
426378
239001
243806
266420
43239
207258
158357
97184
385360
290950
58335
27683
310508
233806
184649
284153
256334
284322
443849
75914
Guest$1234567
448903
135829
310639
324695
439619
74925
165686
9598
262280
255400
141418
394038
388519
350686
81970
iot*12345678
144377
16815
348909
8772
48663
124689
78173
429615
257402
362772
268371
308864
375808
34870
college1111
212083
258970
434224
344149
37399
129608
49965
460678
367376
88740
40848
146233
287018
276338
159957
Iot*123
326025
440037
59709
152886
109516
252443
230442
369243
408455
391869
212782
403204
371579
69802
71024
425759
242488
145787
15192
263658
45631
3301
362810
203725
354304
421852
211323
376625
191952
138114
Esp32-123
277241
355169
311464
117153
36588
93146
152768
95985
237794
Login&7
31794
257701
241731
417646
331224
449471
1111superman
184779
146287
67477
82522
118010
261235
416986
335721
178920
66408
102667
359598
159947
105608
320395
139052
394356
465041
346393
449170
227876
150919
74625
410239
Sensor-123456789
226945
58928
352498
343314
13284
120463
pi2018
405893
225659
97226
hub$6
369991
37562
440718
244208
129817
179264
336787
450200
54521
312424
Raspberry@123
379790
79847
368177
213428
410810
160298
406811
290600
365641
423277
129155
447140
247932
238075
115475
9083
381878
420695
247056
88279
282377
291988
148503
111relay
152076
374803
409528
200343
68294
425500
380249
132251
3220
105663
297079
461864
199107
375884
81646
112736
174452
290329
327222
380941
100704
338935
256010
305893
451382
380797
120628
bulb-2
240037
69437
122402
135588
6762
282840
195390
67373
324234
439000
439750
429001
356026
234706
91637
134649
9516
283579
191808
61032
113450
133398
153806
181291
259120
41025
386949
276925
414059
218281
42913
330744
297661
331930
397977
461558
37121
41561
321password123
289219
140199
65416
220537
153861
373781
401901
10271
236546
46990
Bulb$123
247181
103923
232312
321969
265835
262706
334687
304164
330051
wemos789
337859
160683
143224
37691
135380
20713
client1111
lock12388
243853
388388
118188
316702
451533
299169
gateway!9
135009
468644
410195
1680
342455
324253
239818
56914
automation1111
20467
404041
328063
453664
93817
135095
419784
410205
376318
287237
147864
65354
116048
32329
412476
121779
119052
104679
106163
283897
160432
251831
313300
401916
110109
181493
244248
239665
17627
81611
74510
128678
96579
199352
143676
6660
418358
391978
248362
72721
131247
37999
279015
373890
22415
307308
56752
73476
31373
30399
300580
67590
224303
402921
229093
206158
188781
2026captain
53103
22246
358088
82516
16724
321lg
198586
81298
257530
278678
135567
434980
117895
28293
91594
264309
427189
454465
403461
408733
211513
1181
274181
76007
466634
65339
249479
7sony
204527
92080
301869
136145
196113
150956
190591
141369
148810
214917
268051
120155
343541
27095
344012
290729
75576
130011
233454
276220
21523
1020
379367
245587
244263
3dlink
448273
376205
arduino.9
452646
5088
test@3
126543
175976
68300
246703
17483
360230
54329
14313
257361
158883
106449
Router
469162
342986
388448
463715
331598
453461
316613
354652
user-12345678
200560
306450
46791
228661
412921
secure&123456
396314
432964
258420
265472
271602
267714
18568
230757
446207
57244
172394
teacher2020
251768
121932
344743
36115
387855
92422
133167
264036
171811
245193
296133
iot.1234567890
62536
218883
81019
213404
257954
112295
233944
198401
352001
218178
73428
187869
101700
19742
397285
26368
4738
413938
191051
88589
342544
28535
268896
287869
429055
331086
171613
372640
329875
444992
298878
151406
395661
165218
24587
277006
12514
170254
265676
466799
416566
327347
423519
165863
263815
450594
202145
107282
220863
194276
271679
132896
261318
79048
370163
Bulb!12345678
67155
67460
383988
Device.9
268813
462622
46498
191053
77518
419964
149108
259999
396493
146009
422728
275158
442638
387521
173134
26386
463514
296420
106513
132997
16107
31299
332370
gateway55
401801
9838
89265
424225
423102
330668
83614
419004
43994
219345
232400
164107
249377
316249
Gateway&1
107712
8659
243974
332713
433991
150249
81969
88004
420362
156980
140881
299755
255045
431508
1963
263193
104612
22435
136366
95675
341212
462405
223799
267018
33795
23613
455134
42630
85454
Super-8
149702
1234567890baby
19809
285516
458966
172990
128605
352997
398488
329270
22950
327899
405811
135451
379453
2641
429909
366699
4452
20688
51094
89844
324453
376288
316699
286936
389445
240374
279620
170674
76859
265460
373413
10323
379069
364211
374786
378258
13422
19220
186818
135101
432634
469600
278298
Alarm#5
251351
21503
153901
8992
327281
441239
107926
155650
329211
420068
103565
310920
login#12345678
130814
268259
234553
242682
101356
305528
266518
447108
61521
226142
319832
58148
196377
127880
67626
433454
322571
398197
278109
193900
178750
174847
360560
175146
234323
373190
325291
203167
56751
231583
119383
287495
455826
7modem
gateway#1234567
186822
1111esp32
294641
127854
242755
229517
368551
47099
442887
247389
195350
114591
399549
286029
370424
252057
208195
251425
64314
451975
40243
User.12
382001
189048
364575
249655
91175
48601
169182
52428
399769
104144
310163
128875
156031
227966
300124
183071
91927
445085
29297
183346
89324
304604
219134
247085
133914
239162
215429
160024
470538
421658
4870
302435
337398
Super$1234567
337278
165216
444458
398362
28746
428584
380977
329124
266815
195832
72134
3333marvel
Lock!5
46659
285214
169032
170861
285826
300607
467297
398281
334691
266581
145488
83360
99419
35284
223811
99671
49888
96566
372739
121641
367797
312370
196449
412132
173089
235738
441465
169197
362088
465591
114622
168191
260413
427774
293104
91397
393043
89521
293916
289945
464852
335108
372287
388365
373419
363033
267904
405487
244811
441928
broker$1
468919
455590
354803
451760
35366
22981
160310
281828
61904
455418
85401
266283
197914
356794
12345gate123
122620
119004
13109
429985
458117
470997
387102
83086
78908
291386
356431
188700
31674
331756
104392
109380
269971
155916
451588
9876
28940
281021
346538
269931
310207
Client-1234
336001
112075
167661
283134
175216
421006
1881
432520
password1232018
105886
358582
363937
221212
202152
313104
158772
277081
107169
142090
347155
313200
338454
195644
378281
4cc355123
240352
145652
119164
273120
31854
126213
179892
172093
422121
86736
Network.1
331303
44499
394171
99573
411782
324169
160594
jennifer2025
59238
Pi*123456
106044
229157
72138
269459
379220
esp32_123456
106165
65951
386828
245804
398412
Network!123456
90571
181133
306512
38949
78308
102358
320612
373606
security@2
294378
51362
225995
462953
pi_6
299903
260662
380132
228023
163056
193416
268234
448310
465913
40031
205795
232374
254085
49365
406122
155234
208390
461302
98640
387194
44917
249913
423334
116002
329187
362207
309660
253854
368535
1111arduino
309236
91749
380533
64551
185949
39548
Pi$6
163019
71339
21763
312004
114250
371859
340177
377245
297188
373868
360005
255481
128873
331408
110479
34637
221386
350360
hub.123456
456dvorak
59026
90451
36417
35787
16293
60548
443068
234592
329333
415702
463528
53909
368091
98679
384399
409109
471014
399827
173455
206791
35288
159625
379830
299650
374618
126653
141620
32599
347227
340441
smarthome654
284160
50212
331474
445627
242500
114319
82321
85918
289264
333519
000iot
276172
265872
162620
348213
246820
432757
222126
88test123
325472
291748
325545
249866
437477
83145
174902
321750
405592
62691
162520
55love123
271289
127789
43166
417298
2023raspberrypi
153292
421069
268767
317645
90696
437807
262170
59084
166796
421696
290878
253135
194116
45954
49220
303683
289893
251692
311650
232396
293348
203117
350540
146331
127429
455763
2100
42169
447066
65962
317960
366325
370119
335330
456611
204715
187887
114711
237803
92438
84475
310776
128410
109026
244600
195121
280163
70765
347132
221957
lock*1234
48211
51060
146060
147858
172488
23474
106698
6251
284450
65542
293855
464168
304700
358523
208632
115239
352718
364770
91424
353647
148226
213619
110685
341400
244094
428338
50359
Arduino&1
293579
82672
227264
321535
195198
267664
141949
176226
21626
415350
429228
138610
410826
303415
225586
305113
162023
44161
130249
20848
307652
235470
237909
138937
312345
350536
401419
16050
273602
87076
425521
89742
263145
303269
126628
208599
306858
79040
386719
440772
378461
370233
106763
00vera
182778
126810
249513
ring9
458327
password
335083
390863
12817
421166
27866
226844
246240
408171
350395
102174
325576
403260
36552
161955
9080
255183
376508
233481
193637
149857
161017
288770
284008
256307
58094
444348
350239
378446
285715
225169
arlo66
205785
250314
159570
158018
137474
77537
65725
398954
3308
153176
104229
316557
439937
430161
194389
457984
441630
400286
265737
13909
51231
326747
239491
240849
182550
460929
54344
160102
227707
329139
317108
451506
85889
177097
394463
236643
77310
281633
406475
172655
392765
356850
414058
42335
117573
382650
374138
447214
48533
225903
390981
52800
319633
328334
187287
461079
221717
214884
180598
206140
283619
245808
125652
391824
111527
116475
426875
163106
7418
8587
60314
162252
455366
358825
442804
322184
88154
436018
13172
183247
110525
185534
47915
195416
213702
55zigbee
451831
197235
258033
440712
396824
399094
217918
268274
258110
1834
328760
320480
416710
472241
425912
104358
419976
256111
268577
219811
59906
264889
379826
357103
312797
235214
247024
165512
79863
393358
340695
53448
411077
323464
10621
93179
92523
439533
55936
68399
162308
170880
393258
464996
429609
372634
419682
263837
119597
285461
288622
451890
257842
59436
17873
351904
119192
access2025
383858
33775
322203
107350
50504
252591
463442
153244
22089
246821
296448
76257
243811
202192
454726
system@8
471689
380429
381110
260017
388016
321918
99lock123
191978
153023
331902
40756
47983
348556
86705
57303
13081
22629
123469
201715
159414
116909
64531
201988
397674
access_1
162751
70915
154893
201373
303781
control1234567890
285512
318531
362046
415113
453405
huawei77
87856
174454
367675
123673
relay$1234567890
47893
234810
159673
184088
415064
243691
370318
Login$12345678
123475
98281
426444
231983
186268
297400
393854
342510
142436
55962
305230
343154
45263
131732
153238
223296
654blink
195036
321560
366827
428213
camera_6
269730
44597
327847
452413
295587
218901
103036
236884
57896
17123
39758
161581
280518
133458
258744
162143
396641
331651
167370
338165
322602
254661
165441
97812
217827
192372
381001
64477
155317
50034
220456
387591
82077
435734
279532
390662
228314
255508
354162
376474
68311
144019
153681
Master123456789
254871
11939
427078
220916
258898
408463
60302
171489
443847
467153
23619
380952
8432
26061
272096
167285
236453
448996
121102
12736
279072
414117
451714
103753
91367
158912
384478
425605
164980
104499
device1231234567890
187671
312981
220071
180455
43318
273348
257038
bulb*6
275156
41968
354357
255730
Home*1
441434
186583
364013
323575
392413
408225
239193
465145
33522
17766
230214
292452
spiderman2018
175790
46744
91933
88334
4532
244152
hubitat987
113266
402750
430576
205692
9298
42336
64903
74220
438823
132679
Hub*123456
447753
210379
124475
330312
234214
41531
461356
375810
hivemq5
48243
77319
369820
449100
18292
457200
266985
435904
home.9
148938
61688
455805
64497
1853
316276
40259
384865
419239
343487
166108
180771
216429
372334
286816
147013
194143
101521
253938
116021
87737
283961
249440
151607
honey2018
Client&5
159682
243878
samsung456
212078
56498
184052
460785
343787
51915
396168
345846
174830
438803
298262
157661
108004
278926
300445
211096
203337
448868
427156
440262
350730
84722
459779
2034
hubitat66
219456
281347
207685
205969
288344
324860
38310
376215
387792
57512
292786
140456
457776
64078
39688
294433
93451
466155
419795
239056
405498
3468
270318
395151
360644
367540
95749
301276
415585
171759
sensor.
407647
194146
265546
452087
342434
104620
431779
Mqtt*6
328138
395393
366165
23398
347907
208718
234499
0ironman
194308
409141
44990
26351
142364
234439
105590
225447
73997
447933
283862
97386
340192
350688
89194
453539
336223
3546
400164
49899
19926
360950
129869
243019
175604
24560
431216
344767
234069
132855
203091
337185
Camera&8
224925
178768
30962
121811
356318
280873
302708
386319
21640
306206
412560
298808
210651
323638
342656
317503
4014
90139
99826
396290
7113
381334
361393
232570
280231
404166
452238
69163
255134
107185
69204
437399
459864
455925
365651
87572
363509
115808
280175
38714
299430
303337
36297
232992
208657
439475
308639
343020
332711
419580
123188
Master$1234
15297
405238
243234
356979
170305
174862
354266
105245
348565
36793
148021
159835
164892
390097
149430
165877
120722
471267
14721
75527
216135
92828
200839
319585
sensor*4
147857
18636
203504
61954
261336
356259
Raspberry@123456
225752
261154
12667
422069
430300
205169
144278
117507
406861
7878
215765
449844
76969
387996
353818
56425
409051
91713
390886
30751
69362
227512
412433
439003
153858
272100
219365
320438
82661
351076
140216
sensor_1
360482
259614
283902
node2018
114978
336220
87252
165005
178442
332672
47907
350187
264716
327618
307849
2409
410926
410116
391375
456213
47601
hub_1
392762
379785
296571
219447
172393
9444
218532
271663
187098
58736
169484
2923
176433
89529
4816
161489
202956
10981
228546
330096
131666
226394
315616
56487
241923
272833
403104
307743
41067
375595
9308
96876
137701
324684
97828
403602
159618
client$1234567
28817
410473
83264
119487
320143
254168
relay88
80846
87420
95159
118234
411634
security.5
370578
26775
415512
66208
397182
265158
237184
434699
175078
170955
272965
448316
374354
33139
111705
67589
115592
85071
263945
133348
279323
133021
57413
417647
bulb12
348544
431678
68271
91236
311443
238082
134868
379557
351215
381102
131437
342249
Guest*9
235914
73340
88node
145798
2019shadow
223374
329600
149538
13963
231120
345094
14400
441677
150238
450073
201315
52135
404625
378052
333490
321134
416761
56676
319602
access&12
227756
410628
439629
28049
237446
50794
267991
83190
337233
309325
383329
410079
122971
398971
350273
camera55
esp32.1234567
146090
130049
181237
349431
318767
108057
202846
233039
admin$1
35100
434287
341457
454432
184895
392749
180745
207295
28456
150306
260110
440488
52120
20992
156622
159705
118747
arduino@4
hubitat6
247974
114632
33618
170978
247466
321403
229310
253374
130724
364154
444487
7039
186926
192308
416257
105168
351307
263552
320095
336854
299015
139895
455096
129020
8723
386521
309175
439916
Home_5
Access$
34148
254226
432805
128074
323111
385018
221565
413408
29000
182438
13511
251382
303651
253299
Mqtt123456789
67844
407870
Master&
71066
371292
3149
208169
captain2018
252122
221534
123456super
112800
286308
441638
root_4
118033
45068
438017
285109
173972
218486
339098
296903
229362
25911
Cloud&12345
149512
309611
441257
236070
219857
282108
29081
39987
48950
179292
54578
117934
96478
353959
76408
327294
448744
176635
265364
283994
34990
54140
429966
343437
268284
458200
Network1234567890
83256
467138
230617
28135
11070
7598
330581
370073
256746
6390
317071
449953
104474
43743
136168
161533
374084
42115
34378
300489
85047
448121
27844
286737
113105
14192
42717
117581
15912
433250
101607
85888
283525
416988
113980
214979
364401
286884
406789
323653
437515
216064
172499
224526
3931
298874
223541
223476
296782
129976
117694
152597
151396
462513
258321
225798
61518
242140
71173
43715
331957
63872
101559
190445
433941
462937
330264
133349
281225
423265
356265
306778
461921
186372
468367
987admin123
173078
364479
238972
Wifi&1234567890
26575
355804
427956
183215
361398
83199
22686
353991
303762
274887
57494
279622
215134
122626
319530
381952
136672
288961
16469
238519
330217
31398
442396
48202
36362
49450
super.123
117494
145572
234777
401647
191494
391251
camera&7
451263
308596
73513
216470
Rabbitmq
376154
271054
341801
384952
447216
5267
147820
444295
Home!6
405639
320250
Iot#123
419981
242870
292215
216236
366145
72258
145477
343744
93806
33432
77705
352052
191395
79992
276812
257970
148656
455502
94143
288766
343403
463414
152189
192340
25213
376338
307248
171875
136506
357914
176864
363350
427571
36860
428521
95271
95212
262671
445879
122700
72626
296487
363168
120072
26456
404690
89744
202687
294768
286801
236867
306371
94441
401807
216711
wireless123456789
328582
165889
arduino#123
252406
379310
300375
196026
75717
263466
45299
5344
Control@123
103789
446755
9hivemq
69667
99spiderman
451794
15819
193429
405821
52313
176412
304253
116120
20133
51105
379983
445433
242909
274939
41122
13445
173819
436524
338203
225689
105382
LOGIN123
310238
287622
380353
373005
40235
278083
294847
212187
412528
204863
151336
177618
105702
27632
229131
312974
237129
158086
234873
373409
256172
217036
263467
440057
442816
252175
33693
58103
308415
456012
278544
46476
221614
246978
108441
414780
220600
thor66
365150
144656
147468
424264
158434
201771
389074
247922
21693
365119
dlink2019
129473
443872
186465
52194
192654
459269
436029
344017
40224
111285
404816
251882
183585
424635
364245
114165
243912
241032
385191
guest_0
351432
416180
215995
24937
444535
121613
11901
169026
235552
73438
388889
13349
460159
467877
156303
164169
169047
287378
281270
313553
242356
166167
390065
149559
409281
244973
343653
328893
76626
314205
126854
331826
207426
156123
107804
430957
459674
437490
88290
263639
465175
smart#1234567890
368738
426335
420243
172809
128301
324953
405495
iot!3
43335
434598
204008
324900
450886
465855
110382
437919
243116
130314
351927
348931
342640
375906
78223
337705
222246
413310
177196
222776
387389
360192
109340
70393
147122
37358
403838
405916
414192
415339
118203
330249
237296
350203
256429
463169
390639
362877
402985
341788
145374
239425
304501
106533
294814
314708
1234567xiaomi
313885
375942
238440
366304
71351
47120
257183
332374
41487
382073
461018
9683
466956
299056
123416
454161
140795
76284
sunshine55
Login&1234
16115
335926
319141
49411
329785
366934
208058
315958
133262
240804
186997
428715
184445
383134
35949
100967
raspberry*7
398096
335588
97886
19388
224130
99583
172708
425111
131528
448219
204142
287313
424183
394137
314414
360614
395701
454915
421602
5695
240008
459818
303743
178632
460444
455723
411128
270720
427171
437617
329056
73651
12645
72129
244004
387556
320525
359875
388435
164494
282855
338445
282702
255732
53776
38355
137105
126073
354478
68817
252635
48086
371394
468743
352735
49533
276006
406599
52507
452567
admin&1234567890
352444
313985
password*0
51485
12763
48208
128314
465165
6035
277970
277408
smart&0
135462
172840
136397
137059
379698
75544
468848
141838
240958
81567
309471
62824
168619
286697
95475
339304
client*7
219068
113731
3621
85631
355984
22962
347938
196243
342591
3824
301535
442208
229835
256502
45254
189590
52199
440334
117578
279799
174602
460509
181878
84157
26442
298335
408066
457528
77971
461329
170446
337491
298723
282550
264217
409291
118454
297782
448284
324698
137912
231965
447381
253769
199224
165601
245212
423236
000marvel
200537
108792
271643
210044
12test
283645
124839
213093
61221
416134
408033
404294
389588
71474
111927
417227
arduino_9
105215
291135
181806
441178
283456
183638
309579
209151
373854
84976
371705
35503
395610
405634
281212
380682
329425
68983
386067
407338
158063
164045
66267
Home&1234
9420
422976
283754
164276
178969
391970
358214
434467
334709
356106
278361
Pi.0
329892
283828
199623
132491
131937
110745
318956
402720
59836
318929
34258
30210
154020
287461
34548
samsung123456
288964
238862
238873
sensor66
98438
249969
32557
58921
403153
317278
444957
329886
Device.1234
257377
370824
228137
394295
359582
349967
446198
335137
218215
291978
377943
363205
417364
294003
274388
133105
436067
223472
23769
204921
469330
221884
315453
310339
243171
raspberry@1
364995
127691
327764
451327
391629
51886
25849
321712
331173
132109
208921
mqtt#6
417498
116007
396104
310865
413984
469387
316917
182539
417837
337344
Bulb!12345
459111
433106
248913
249682
175852
133219
339719
298579
789broker
403277
Login&123456
275991
216395
187873
samsung12345678
381507
267615
395732
6client
414960
118630
155479
255831
413276
78208
439597
378429
321850
463188
207843
203820
205285
436342
252614
Broker@123456789
170849
121765
463875
95063
412792
207093
ssh4
109726
371677
256520
255437
127523
449361
441715
274672
170135
303822
289744
349417
301282
28600
66733
442244
332933
136364
108638
42154
401089
423179
353261
378158
47471
162966
335822
136267
8login
20193
314793
269413
436077
80857
428759
254537
441313
70388
super$8
349903
000smarthome
436368
471957
239980
354861
19982
378310
428094
374379
Arduino#3
437938
443267
372718
354485
283266
331690
215394
26667
35205
43346
419284
431820
319183
55786
92983
356497
453561
373071
Secure-12345678
169311
346044
Test$1
306941
175324
129884
40810
302635
25298
8656
178250
259479
23024
406408
260215
192402
309522
31526
197838
257173
181992
299630
390609
222477
c0n7r0l
456263
451413
32214
219023
429353
56401
328733
430127
137526
177026
344547
152763
192325
285567
179916
177193
223350
461951
365561
155868
261916
416434
294757
124848
386623
34216
9499
435370
269920
99780
31266
195688
132249
71463
409810
378166
46971
219480
327087
343616
broker-12
5lock
464871
189748
147212
214445
93446
251391
203665
135041
292795
47503
462518
431098
359495
4439
26093
235150
20024
290862
327771
141278
259229
88148
470953
444081
letmein8
67899
151207
318844
363784
265839
Master_0
351217
445004
67605
192378
342261
167774
177333
alarm*123456789
361823
84613
277951
415717
81691
55607
181533
372759
219641
222977
145348
245124
235796
317015
359118
176284
443469
42850
89472
296925
284213
84887
Smart_2
22282
270192
248922
372555
77041
202574
435485
177210
Server$9
460481
133738
110489
163090
142069
130195
448515
412890
250281
429427
417679
107845
71278
226131
58364
459520
249638
user_1234
321609
255959
308941
262230
22827
95250
126412
431343
96853
27239
9055
secure1
405256
23957
219053
52891
218961
45502
95593
359718
62147
147155
371592
247003
172746
140075
171635
291761
327983
108819
133037
470214
429205
19497
96288
448486
142446
170085
226819
346584
185761
64764
356255
118458
387853
428553
244231
3246
268364
399709
126808
452140
103368
spiderman
153826
439633
15519
164020
304595
219990
465126
73008
336146
408070
438870
320231
25801
62004
404074
53100
393617
379347
123803
340184
311456
228758
Hub&4
233255
240945
141710
168360
22861
286126
24940
372824
184924
122656
88010
417872
246587
323207
55049
224660
390653
37992
257466
138750
131137
367327
125444
177121
158027
monkey12345
200644
129572
350223
350929
38516
80205
414410
206499
330469
test-2
435644
250234
135412
66601
159178
422936
71657
299133
199615
170370
343695
102153
384529
448304
466085
439185
9123
120551
265153
127098
133103
225990
324053
328728
130365
341861
359746
20402
212916
423255
406365
456230
23618
355577
435883
173995
396344
441131
431995
303134
215419
317241
339024
285229
8thor
421182
245221
15521
450904
345502
211123
70204
172332
316177
258786
181071
142106
404741
361507
342372
371519
4903
228781
303309
192968
372878
363112
118548
31684
374479
9jennifer
399025
61054
141759
76438
306326
469499
342869
325781
28913
387480
ring5
289479
240678
119684
424691
400422
132888
358324
467809
67776
230685
169331
458104
4606
410734
215884
309437
254294
65141
170609
188715
370532
348934
342198
235633
27973
151650
344432
108584
292698
231222
135889
arduino_12
40193
91553
243643
420646
390957
253509
120573
331917
95558
93896
67834
269025
252191
190926
339121
437961
36748
127510
2cloud
367955
81175
45089
400414
51238
78686
242180
393153
358283
315164
191857
207905
27572
285273
224115
183457
335159
57717
207488
380384
0000darling
35435
341127
412027
173814
242064
203829
101676
43665
350331
113803
299557
438946
135058
408774
448160
202949
21694
330204
305233
359988
8proxy
378370
109427
366860
179219
344171
349298
357570
108525
353089
37832
106036
276910
222285
252300
relay$
441877
102601
271032
407354
441558
264753
5907
412430
222975
185976
140416
450849
361904
396020
466200
280716
38672
441447
305543
341244
161933
172616
77273
99946
441606
59969
322746
38179
7869
235459
319754
148173
345490
223869
351472
301967
132006
185580
169925
426466
7rabbitmq
10273
291932
73558
174921
294196
42522
464174
239564
193755
316409
201813
63449
129686
183009
240472
Client!5
269930
275968
411429
247728
73027
347262
218426
204189
95542
213768
223216
409144
155458
149476
374564
85233
275351
65119
182767
425579
215023
251558
329295
96610
381045
11185
302222
397648
3347
122305
266466
414146
212708
Arduino-1234567890
403810
115251
184578
418162
248479
124443
170243
466089
288531
33979
149784
338216
165608
405807
174804
282685
468613
162439
172320
417654
179722
175782
106151
422371
60587
313360
173437
466775
103755
405328
291264
33665
371510
57141
33995
247738
61050
418920
386256
49075
Login_1
415963
267849
74407
424367
31784
239278
59551
452096
29359
85381
340797
367550
12lock123
jennifer2019
25385
255906
231724
430444
252232
409906
295604
411146
273342
329248
60474
121901
456357
116770
61903
125031
310435
435900
386830
353269
13794
camera321
53787
410117
337692
258969
97594
298076
200484
254909
87667
244805
196094
458594
395201
Security*3
429925
19218
35676
30145
249827
138527
207224
466852
30840
381901
416840
11629
372341
4237
165126
369425
249453
416185
376780
402039
215575
93207
40434
284409
Gateway$123456
330876
131274
266465
169741
227957
349554
442241
153162
248367
116224
282071
185282
423238
42539
189984
450316
245627
362069
397247
Network$
133687
463796
240665
307134
467602
202035
127490
191847
167755
291706
57486
10353
76150
12852
426994
149250
387094
426807
272456
127068
445533
92988
426761
139940
24908
116880
463225
120277
404107
65778
Guest#1234567890
291685
52195
84890
301358
428167
288591
267677
263431
415831
282126
125834
25900
48154
383866
39451
321771
213209
127741
377317
344765
439451
54034
256733
234096
123023
257185
364471
276430
137462
432338
359677
43719
462036
427916
277432
91261
423691
369109
cloud!7
217692
78878
77035
107325
456hub
216742
398746
471601
394763
266373
261129
298745
2609
175163
424572
186944
393223
92786
182788
200739
81948
436348
311382
246154
264772
221600
202125
345591
32471
426651
arduino$12
370064
348772
356085
9639
340338
140070
122109
86496
215056
384595
293478
227408
282447
13880
127101
401938
309190
361347
2020smart
386818
353375
279831
331567
124497
359973
32157
426578
279062
253512
121191
wemos3333
zwave99
140311
27141
236520
471432
413424
466340
402499
113324
324790
428391
404696
15190
383867
367200
360475
335429
esp826655
469130
441837
432180
72959
369271
415511
88relay
343494
312622
Access&1234567
Esp32-0
131639
361934
184731
328789
177915
191085
306408
232550
2gateway
180882
151415
39785
258056
67040
468126
72743
206446
471716
28338
263622
3561
104589
192741
216362
419786
331997
410467
233826
111041
38282
311558
316076
122287
320211
103326
278091
462909
102183
72545
387025
192860
444006
101910
396511
default_4
8453
402905
261801
19826
6football
419885
255284
16801
13850
9280
434885
168982
317651
198359
234783
405550
115929
76286
456373
118574
279971
5485
104191
admin00
269821
330347
15629
308168
354202
442081
243254
441757
160319
264048
Esp32#9
2018spiderman
427461
381015
8207
214734
Broker-1234567890
463146
69920
159657
192611
419890
128868
399563
456886
154527
235082
120983
85523
78068
121874
79830
421962
420339
354307
268844
425031
17388
441643
117488
331041
408370
445306
127184
88455
321user123
46521
207668
4391
170666
322866
212145
156053
280754
10574
425707
393238
413556
103896
40745
302507
244536
351495
420817
123042
412963
127558
149241
314530
65998
256788
184498
203247
357651
282832
homekit111
63506
425680
148382
426862
350871
57488
28192
365393
152604
353281
381202
125782
286506
342959
381792
415782
23134
187763
440756
2025rabbitmq
297484
401718
256838
53120
216158
283743
422911
167686
77494
77239
337345
117939
home12388
231584
147937
284570
275426
437534
171047
266009
351659
329404
220520
221813
314629
388888
323598
405494
449153
0000login123
196813
279311
271411
314529
52131
349666
178041
275670
267191
307316
441911
43973
404162
285317
142710
10390
university2026
135618
31338
151188
320225
63267
186255
146314
292951
104779
339667
31041
55765
28560
105887
263586
171693
417476
376329
265094
421822
320673
267229
460250
245029
202086
109212
428929
177902
307655
92380
437199
315385
156468
215686
402149
165736
440684
299100
193224
320461
203678
461109
168037
163995
428286
346221
457189
342043
333474
15804
435844
234671
438465
261211
79855
132985
74752
182291
Relay_4
418454
57994
293113
335762
431355
96603
418344
Relay@123456789
382205
1111broker123
278967
377029
138189
101844
407596
135725
home&12345
285697
411666
451396
421333
110969
62836
24344
375008
364303
245456
288926
401161
105841
235211
438125
30187
464126
64979
359555
457808
15953
115979
98607
iot-12
143620
251074
254751
246787
67046
443562
hub_12345678
161287
64286
268480
285859
31467
404073
19016
446908
422887
424992
177745
445890
353628
361851
351087
401020
101430
149608
229143
59948
98070
170661
100152
282207
422207
170236
225070
131809
462092
53135
132291
309506
289116
44795
434615
Guest&3
301494
73406
213603
303085
333704
35838
92025
369287
22905
189446
264212
411344
285329
431429
42020
172124
14650
47809
382438
176288
139484
156071
112339
144926
454903
99521
77677
73499
411618
81776
43254
211512
253103
241602
138725
104375
85101
66118
15907
135266
334779
185875
355287
451072
167484
129841
366795
427779
92187
196042
85318
433123
356854
243678
16546
337958
154525
265387
183341
65674
259066
95966
308771
32457
85237
218545
69814
61804
16706
223729
3987
253806
214986
386324
338070
160978
98665
85688
Camera#4
6542
283657
164149
307665
88281
336213
353407
368899
407032
210538
368084
115146
397461
6593
193555
User-12
21711
363845
Test#1234
341938
183436
44072
369857
244756
417801
127130
425284
89145
122809
86074
286122
140085
158073
107335
316724
117104
297431
205901
super!7
322946
336917
325050
443663
171588
247383
386657
277475
470698
171430
319352
461211
321687
88662
109706
354952
34343
297256
396235
15427
123159
104347
248940
419039
429646
321355
335424
127707
364915
24990
306625
399530
353522
296605
34514
226067
177774
227684
252437
441721
32236
98656
alarm222
222194
347685
201436
232688
367528
240344
36990
371363
62407
212723
413128
158292
284686
26697
158998
161988
76325
416279
Access&1234
153299
51479
75059
264590
33303
372858
199935
414713
113117
Sensor$2
127519
92627
412960
000monitor
256978
285172
105562
227382
424213
148553
333396
74447
366536
65707
13618
436282
124085
22854
354912
208268
102071
322445
311195
235827
440516
218436
416565
417967
64490
39000
158793
234453
74126
raspberrypi0000
450385
425263
319822
smart!3
293196
247207
276800
60237
260714
317725
346962
222136
12345678wifi
9server
88867
253505
233766
125984
196074
170164
115484
286644
467214
160907
172759
303397
378308
378287
26279
48261
395093
69760
245699
218621
466484
90906
434905
322502
431916
224961
383929
451311
99988
71218
425548
98520
7angel
88620
245476
138917
Super
ssh654
172624
233077
273541
78976
216852
290710
149065
15759
43203
323602
qwerty
356269
wifi$12345678
276383
200819
107141
256681
168449
51543
133601
411098
287920
333206
82235
260863
280667
267601
268654
126049
130060
105330
347644
67014
464449
184512
412684
386376
49853
121165
202617
271077
363015
352992
100177
107179
104607
157893
410017
264514
329032
55789
system.7
465128
290072
128372
2026angel
144616
29005
395038
192282
180238
273913
358359
83777
453272
450416
386479
203918
124978
242282
253022
177719
181201
system99
372426
208507
287410
monitor_5
315979
wifi0000
159862
452162
154258
86448
11294
63252
42700
177999
310235
209810
141596
358942
133362
69291
64302
184417
347885
198197
102852
134590
22204
326514
332313
201475
247979
284412
460272
141867
115480
420284
170499
433807
235859
37982
41479
53870
168768
165602
435230
19695
355244
325301
467643
3446
292744
313347
342136
469411
95437
306444
227076
119408
Arduino@12345
418152
144769
68198
395396
236649
3600
340115
146906
134577
244469
172949
46567
Mqtt_1234567890
310489
417563
111433
383287
410121
67864
419819
261324
96109
331723
378304
19359
310242
402436
32238
65340
8272
407928
339374
179128
273462
80065
77777
Home&5
180681
security@1
311721
57261
samsung333
118005
55229
54672
337565
248950
180902
267017
99908
183200
377260
342873
10743
423077
137148
35374
190170
26568
280849
414149
134489
361998
239186
3087
control2026
16579
430239
145919
264388
76095
9broker
412108
203434
192271
27578
196602
password*123456789
128021
Network.1234567890
261313
159344
212032
157824
18681
344082
5jennifer
373114
471770
433274
tplink
Wifi!3
232203
188375
admin@1
200128
242937
410362
45454
165612
441020
456978
239941
256619
55546
269806
364306
322453
2304
272366
0000relay
31634
455621
433646
360409
281372
213774
288883
113668
301806
360217
209835
435013
296151
231757
424525
191114
154445
secure&
434671
367693
423965
128608
325722
270615
208887
76476
373990
211244
366506
76446
137571
38388
162371
303526
380763
458293
182695
448139
59333
Master-12345
230746
368534
23384
467765
379290
440777
371045
170742
204610
331182
230044
312937
383030
459677
395712
51583
242998
92055
Server@7
Lock$1234567890
338239
395915
326938
188157
427652
170329
34627
403366
252439
159803
400855
117893
sony00
81251
440582
381672
109055
461624
sensor*3
402926
338041
462933
429915
206328
184396
14246
240824
172372
43296
335527
337346
17911
71528
76759
108558
383727
149252
372146
233696
144058
151129
358176
99100
Smart@12
447607
Password*12345
124548
373188
251458
464682
393354
74500
164154
312322
172662
299218
181033
128162
23726
147970
111009
229867
250715
285528
449735
268621
313695
154117
460980
312735
228340
358109
90727
200489
333308
11158
alarm@12345678
76760
433848
423284
424842
293401
367877
196953
9961
130361
221393
68336
79584
360405
20822
147486
177090
200111
308257
54805
179248
455281
315797
253272
160606
391092
2018honey
36083
78833
276068
6613
148729
273196
248760
464391
175863
124938
52687
163737
438000
375478
245158
186461
438596
256683
Broker7
461205
424510
297903
105996
389579
367662
206099
33433
161016
466924
355154
117827
347611
47755
378089
287300
166722
66538
41013
242834
447473
182076
352627
222college
228874
401893
339478
244555
277409
450690
436115
412492
87746
274185
62338
400512
311853
312752
188957
65620
295793
102100
40007
262384
28279
323517
417854
309513
271964
security-5
215084
228503
253801
home_7
22952
360686
243833
56593
354186
123054
68506
450476
217698
295655
380466
75425
67473
network*3
node0000
210796
243698
289825
16817
164259
987sony
53255
373872
341648
291230
433777
357326
201774
448720
166451
41140
40222
163739
452383
432484
363786
325516
181940
103268
171242
287248
325309
18382
319559
247846
310609
419245
156959
163142
426177
114044
375870
87209
314119
8425
38772
310049
472160
285857
262562
465426
282297
470243
157422
314953
371481
438921
1842
58851
187204
28599
302826
79844
428045
121014
63168
445387
453782
92796
17200
13277
438419
41242
56527
395380
135802
252545
284959
269982
346887
60716
427388
46616
256381
446851
288790
189188
50160
385906
182639
456560
camera12
367324
448288
417216
300256
436346
253778
58047
330933
233214
176988
178351
452059
245489
94920
14769
78847
5mosquitto
1265
147437
284500
83610
20897
66432
45714
373631
152239
231818
MARVEL
17915
123456789loveme
293038
147016
153933
378681
110237
356043
369824
406807
265519
79807
157937
44449
73478
378563
466873
224826
249984
68587
118229
176526
241976
139235
102087
356982
ssh2026
146614
27934
211423
295262
458230
17702
279077
361694
470064
201444
Admin$6
161093
121858
399617
56780
260166
325223
364012
248634
249617
178418
235357
78050
Wifi@1234
461541
59677
0000123love
389747
339657
1111access
378866
253328
229675
242856
406814
376113
151241
288016
252575
389375
207370
171405
121659
214179
215999
320302
38602
329299
105987
163670
72928
2162
69547
357223
202844
56642
309053
411169
326259
408580
282814
445162
101194
149450
456139
320880
184541
161042
434462
470719
Cloud&1234567890
314736
79227
23693
255848
351947
364989
117347
436138
113930
38047
397389
117091
35114
334364
38904
87952
225517
228709
lock@9
253860
453135
354700
203106
457322
161028
219109
199247
259213
415412
163077
69723
418472
351224
467742
385889
389165
299410
secure#123
122074
36610
11283
192842
Control&1
429913
61530
296166
466393
93305
437168
28370
272033
233452
465214
114428
182152
347042
310858
96606
396103
137991
176609
207775
369018
170516
315365
247909
368741
253874
170284
42806
301262
184859
59478
276592
148285
162403
117112
271415
54033
112108
23480
258057
145727
3050
21121
39837
122309
354657
456246
112719
38837
407656
113772
alexa66
459096
394012
224519
116908
88346
13371
408750
130104
113997
243304
413007
Pi-1
415676
382858
227434
61460
50544
203173
94270
400277
371247
237580
Sensor&8
172051
202723
277510
77597
210484
46347
26818
15214
283069
454293
62008
318117
248595
279607
126289
173984
448469
313579
433419
127041
199874
447098
376681
77531
146368
101862
987superman
252266
396727
49429
214473
416892
9019
382579
463452
16017
29548
79143
119550
300608
349173
113180
189079
146559
70465
427468
342813
178921
327677
258281
270807
439227
347478
453095
9418
19629
62823
390635
241137
210297
134276
380257
18845
321695
211927
288043
82170
31505
450276
admin.1234
93745
265195
454821
367747
375849
248980
324235
250180
223460
68917
178217
452014
314401
338256
162448
412672
466616
262074
18601
390226
200153
467371
157990
392401
61057
83249
276010
397797
30758
68474
322651
271309
429344
471439
User.1234
Monitor!123456789
72885
212940
310593
14964
117034
415305
353989
138732
167925
68901
loveme1
2020avenger
34686
17317
306489
410313
259923
175473
368690
348732
test12377
283440
294744
System*1234
337672
324337
393210
164214
108669
159456
296068
58070
192983
458778
375206
392536
49072
46046
126970
Guest&1234567890
202861
lock_3
222876
425553
206560
242608
7400
159966
451492
255319
289953
409047
43423
436305
209000
432893
381595
452267
420486
20677
104365
319840
282723
217501
188026
422665
34681
395566
93398
179689
431056
215169
367647
318664
46196
160296
312771
432320
master@123456
69582
361424
374210
68376
149213
42610
165088
357912
200404
190800
234479
262125
424148
386485
4193
378823
176269
113521
Wifi_5
183948
405054
315297
118806
218444
447625
260401
364549
18422
70969
108688
387460
26304
186697
226471
70305
390806
381601
107377
470077
96469
133356
109941
193883
180675
alarm-1234567890
410242
464189
333730
134530
6231
75377
216252
299350
259274
279993
296283
214606
32046
100789
282054
Access
269919
196699
138083
12091
239419
203427
32965
199149
171637
444336
89923
446038
167880
63868
Device.2
388551
427500
6748
399239
268716
117943
148033
356308
master@12345
196322
447403
172127
25585
338440
42447
368390
249663
404044
440849
45516
384916
468262
188472
298540
27703
311233
458615
345999
214920
397766
50539
453186
460199
96073
65117
250216
222517
64509
390734
172618
250774
76875
187431
237387
166361
329258
429585
80357
375669
316487
239704
362190
94322
123mosquitto
275378
317463
107518
85331
409640
396615
358891
23736
203952
258233
193727
295722
266700
235821
91329
428845
470117
205524
199613
Guest&123456789
448081
327482
Node!8
236423
20951
179495
411862
128895
43610
30496
286608
285456
307106
355536
1386
126418
368723
295393
11620
423634
246060
369702
163665
369021
3487
451338
305414
146993
33158
21758
251430
47936
91618
172141
220803
user$123
143301
291413
105198
375225
165705
210580
172606
301807
460101
399899
251410
7832
408286
50754
248068
raspberrypi456
182181
107079
89214
72509
260677
131867
106856
178891
4282
97279
94108
429162
392096
334957
442459
12394
65271
217978
24886
293279
416972
185811
93321
142790
250248
178215
3838
336330
101777
176351
access#123
233494
Login#7
361814
190902
393208
home.1234567
190263
115334
353113
199647
323641
197689
university123
423890
219870
245025
19795
232224
281679
304632
134874
345650
451879
394626
456relay
164287
278057
388636
192847
139642
453063
19322
333450
399684
184621
242456
238735
81506
154259
248163
51885
208985
431392
324434
209143
278987
409611
320241
13202
87842
154465
194171
13118
199924
334741
409531
17403
264758
78672
307865
347048
141978
44206
12179
435906
323295
320509
95710
43979
home!12
system8
270325
209333
5367
92210
340176
71393
189372
398913
399069
152784
319182
40280
243282
202315
196984
192453
24060
145995
375548
200135
415753
104380
341016
367742
31098
216514
Guest!4
51176
101833
87129
157451
159983
250895
435580
406494
412459
450241
322379
318852
232503
79983
259807
152660
197878
177388
145871
405210
110114
351518
297965
135573
328807
38265
376568
127924
350499
406838
73959
38519
367340
Password*2
147260
357271
166343
5767
245532
301870
312778
184420
5824
198347
338550
81657
8642
125969
371886
301080
270939
375950
372614
320670
home12312345678
96721
371709
141841
417174
200118
304286
316339
233281
154160
117169
187753
168418
420859
239649
71295
access&123456789
318202
41750
135084
11314
320442
400228
313602
393951
openha2
150010
security88
440144
339323
4marvel
389709
380540
248520
142967
321873
360258
user_7
371142
137269
26413
271953
94082
22173
131991
363658
157738
194329
189665
208876
96909
396410
93721
10607
18699
347372
449509
444374
327578
246988
189460
38239
8353
180171
360630
288880
106026
camera$1234
432798
231113
35473
198872
215642
156343
366912
55614
277094
371767
439696
363400
195765
278997
290561
43680
217453
313785
423529
440102
345392
259386
364745
394029
250307
433373
151197
446000
224843
436186
147521
313692
264701
59756
111077
253228
422476
391344
358114
105266
363911
181068
239471
170831
312799
167517
120054
213411
195628
435942
286017
322654
431657
339937
381498
389865
home-6
wemos2019
469398
443619
238612
458608
99224
450499
104753
43632
247630
122760
15248
277344
191416
231291
77656
23198
292092
62944
452074
379718
130906
264385
419584
43848
354401
9457
170721
380074
31672
184225
8391
12zwave
23471
81044
128366
45857
178822
136389
431621
440079
user@5
76512
273914
334348
410684
default!0
348669
322247
301651
104966
418038
100235
167945
175701
406121
256582
260114
339915
294259
lock.6
388409
131194
345205
142561
187038
password*4
246624
448838
Device!7
455465
265370
116166
320775
106004
92383
197459
298136
235890
209836
Smart_
60197
102059
181129
417795
182871
430231
99067
8student
123352
300449
344538
388916
49325
268636
167322
17713
274151
25627
372548
125274
464010
195935
3045
451792
246645
77937
46343
452568
354419
75029
19082
466858
214753
285037
34949
99792
364612
229986
156699
51424
343347
45997
411446
344863
2145
428718
207443
112478
5871
18119
389247
284331
389708
135293
39525
143647
411895
464831
365379
458924
258003
36557
96761
332961
222410
333788
306526
412084
352487
408146
84131
416694
304949
160886
425974
352347
23609
314525
456sensor123
Relay0
71843
148937
165267
225915
6811
235869
70356
282310
136166
78431
413667
262332
208398
131286
297895
191536
129188
84980
10173
232039
175580
149009
453631
424046
270710
15797
328511
70524
412363
37729
266034
424202
428482
350887
286047
Login#
271047
60433
433573
21685
319109
71223
140093
148582
110052
251834
187363
344414
30209
101393
455947
268820
164144
127866
42854
419600
119217
311897
408099
58318
186543
308602
327039
126441
266042
29683
297114
265821
408401
23169
253389
387231
384412
83131
232961
236851
430405
376462
256449
captain789
24808
371191
233333
240715
143966
431898
333986
354309
35992
393113
336006
205354
19613
43470
84360
319612
device$1
341761
414849
31734
368692
317101
sensor_1234
78809
345992
gateway987
386120
385549
128558
216164
login&0
420827
455732
174949
458847
304100
271536
88923
321725
164182
316632
447729
390839
182537
146596
382637
429341
0raspberry
320466
375540
397119
184632
32616
254352
255305
446142
354216
Secure&12345
broker_6
2020jennifer
109957
150921
114541
222787
232723
218157
409673
119845
hivemq1111
80082
lg1
171184
404948
238475
133059
307925
attiny3333
283734
280909
78353
299743
438019
388774
guest-12345
69278
118109
363877
266177
398807
311520
162423
175337
362416
45135
306605
254954
371772
371335
149503
232129
421999
13953
427462
112246
56512
10247
219983
112134
303835
10053
454061
444637
21853
426637
132138
251784
6298
272228
58841
125291
349325
62635
145635
267272
309643
242458
355191
211656
410625
108091
351200
93535
470820
388757
Arduino12
460616
170288
student1234567
371483
175338
338711
283038
394188
325950
410934
414712
121749
173486
351387
39294
440167
406205
43301
456412
188221
15873
276165
24160
429352
453308
77160
99156
323223
235474
430539
176230
177525
142600
198902
zigbee111
185052
204688
161190
13868
297606
25066
138653
130204
282089
89310
92409
162159
299162
152996
385949
179760
419018
436682
66786
159792
369871
330987
452374
36816
12345678emqx
00home123
351404
330070
183624
Cloud*1
177492
35552
102093
89828
56117
449752
229323
209071
57093
23347
45595
359989
325264
242214
55iot
110234
62310
38635
admin*1
177211
370411
337819
163344
449012
49451
59240
356929
209084
58847
362618
91162
430219
94230
180223
422421
435573
201665
342183
307470
25279
223912
358606
365172
279083
308016
15028
452188
233024
290970
451886
361306
363580
282945
439375
241879
130192
426784
373488
103029
364597
10731
12princess
340160
410458
431044
460682
216648
392333
202767
390836
338752
362348
204640
296071
417059
179726
197936
134818
181594
337759
264700
430608
33554
413236
418935
34508
142597
296043
222784
236140
199280
222224
relay$6
373516
32667
130630
367253
328516
233977
247414
178099
41887
62752
64450
46838
298093
iot.5
424236
244220
76680
91737
216389
221688
405707
143832
426168
378030
42664
8524
135781
330605
316527
459486
254303
206452
guest#8
65791
217262
198207
63536
router654
269722
324419
262955
34653
412986
222808
154083
229795
271177
107869
150565
24813
150129
42712
293119
210369
186035
286286
153219
173665
317808
312270
163059
153727
156473
156906
179771
58492
386999
245719
66604
130992
187607
288670
148367
271374
298238
156243
68158
212116
376296
61696
322947
301220
217432
414237
261879
224308
347376
318512
68850
267124
214418
267754
184046
151941
413918
455880
162474
194076
41766
393410
253332
6851
299332
101397
417188
120673
1234567890bulb
295578
358734
189591
275625
341763
267538
376059
275527
335785
342262
423380
123456angel
394182
457695
263709
367635
424791
240346
292463
333447
195428
384681
264779
289820
387533
152542
254124
52580
65718
430911
299485
361968
75875
258215
40338
104398
188358
385630
116093
224057
469918
215299
100958
209309
357302
17289
232618
205165
Device_1234567
168094
108190
316726
275357
167918
400131
41683
365737
72781
370434
42793
458725
130089
31938
8849
385491
21470
password123321
248820
333703
259580
425431
166198
113133
130332
220727
228402
104389
322281
270293
273949
169322
2499
267950
404358
55992
153988
120389
98241
360910
257260
233495
408858
Alarm_7
39535
445893
95116
86216
71954
412644
252891
428065
155680
156476
23926
191899
164586
17703
310204
423377
263487
153565
107206
170097
75950
438772
227007
147198
262462
103722
169676
238510
system12345
455705
131296
320766
access111
291619
367015
240871
Admin&12345
Bulb.1234567
33852
430835
308181
421320
181716
191630
2023spiderman
374949
281221
275524
258236
248502
288066
70047
465445
318353
zwave2023
77326
200291
338464
10794
322532
159831
360932
461799
162131
246170
82018
209161
144577
107948
84458
293241
311096
400062
130889
college8
417441
200706
369170
151123
324001
147243
80031
373899
434878
371526
335313
Gateway&1234567890
111241
120714
135849
73535
74160
185945
363517
230105
322291
463300
362239
Monitor#1234567
436230
13500
37148
67702
424570
415564
117780
142919
324071
335058
105367
117492
75592
287209
459296
252776
272784
150910
314876
268398
217892
359896
109058
351655
251728
154691
107155
80527
126685
472019
355912
294812
347802
109736
186421
312900
176183
405353
110296
391902
327251
358271
305491
250114
120840
136812
318480
416169
432325
368011
238363
300993
357918
47126
385119
207956
224213
90869
378072
249287
387955
125939
access_1234
175413
220895
246341
378122
student7
222380
109361
230233
281384
273828
113861
39839
233152
362607
424432
109205
212551
195975
231446
410790
246609
176877
60586
326507
270221
248048
452335
21000
276781
25077
456624
24636
monitor-0
49651
386064
273776
2840
123642
191321
388502
454901
463247
413790
459531
94755
231868
419629
22614
339231
166439
48221
33034
409724
262795
447437
341501
103775
55952
121746
100550
Monitor12345
270428
mqtt12312345678
217252
357053
90272
256447
335697
142255
347949
000super
137645
463050
466385
469020
55650
398224
236613
112123
172032
405250
93502
165851
179307
196215
300077
140053
302592
125625
274488
54332
320656
Control_12345678
10831
107107
195128
284290
147503
105989
148578
186251
348628
255211
165483
198691
469829
147793
163860
251099
187100
29896
417879
2024hulk
161673
96005
296490
34057
353992
387303
alarm#4
29378
382924
280364
117774
183875
56058
127521
138648
275385
353478
74812
361272
442756
298851
444438
345727
314203
373307
Device*7
398294
69355
132400
381403
296305
111976
399068
395129
81627
442894
303433
158871
210413
25672
6854
185607
438609
Cloud#4
359716
364879
414228
177023
296386
183538
114344
430379
288013
296169
66450
63838
169222
360395
275234
107021
91070
2251
426912
157926
24268
107528
376654
hello321
234802
9880
15308
295030
44169
263277
379309
284129
395003
392518
395551
345671
355907
422115
219366
188743
124798
71523
46197
148253
27468
63496
99sony
79153
182157
230384
429674
159169
37506
371726
57098
275850
289493
169080
128327
379023
Hub$0
314579
422599
397225
463275
163697
38627
399004
251274
216656
423427
87422
229709
mqtt_1234567
18655
294411
50699
master@4
406248
330699
222047
122611
168211
98936
166656
343287
114501
379727
382069
111232
406218
317511
control*1
53386
196957
141556
153953
relay@123456
462625
431730
282502
264571
297664
72631
385787
22367
361307
144310
52723
426105
314666
100885
174789
125313
271640
367300
139823
418688
24618
44591
258559
134651
325878
49774
210023
34741
238190
316118
48400
61639
71037
396519
root&4
226846
406827
140854
37295
306878
28316
super@0
387812
426786
449173
447371
338645
43578
234384
144789
51124
322672
348999
71095
12137
115807
251298
74243
416395
361589
468249
263894
Device9
256279
143087
112023
101281
396105
211354
44454
269169
154476
322917
172185
147112
227044
bulb99
345478
360130
280332
339163
311190
303200
221516
278505
216108
258912
300736
453770
237439
401477
450720
303230
355389
57797
179235
447661
201305
275120
335501
smart.4
Cloud6
25142
236108
77269
354583
195699
304457
87504
cihe987
12456
5225
83827
158991
412217
272182
227993
116702
223996
10031
216208
240231
231715
299572
10776
168263
270082
250879
414984
162379
27080
183257
133594
Guest*12345678
268380
320074
384894
4510
355833
207784
12386
139094
12008
43777
104525
376285
394452
372227
418002
367405
237861
240145
138534
181738
375458
417458
211407
295498
406027
394639
155041
311843
secure*8
232734
449943
32744
370285
219821
376134
401430
230913
smart_1234
328550
278862
80414
85949
59984
439701
32537
286741
128112
gateway#8
447424
129081
176636
36409
73151
75354
179998
331151
53109
298751
64365
273712
443413
305301
176495
198085
149119
wireless2024
389023
33496
99103
140501
272317
363050
2020domoticz
228375
167468
54757
290583
243477
182182
324665
426082
273767
176500
120732
471468
bridge222
88511
177229
242622
16651
280190
365692
345120
426273
183661
203068
385910
396634
349401
245517
110181
435178
352277
334182
286432
222436
157801
000honey
228231
401596
234442
318745
351891
172452
470610
291344
30965
71385
322444
426701
154113
254684
348787
252488
52009
194918
175716
106405
382773
100497
83335
312305
8672
Raspberry.7
400535
9554
427953
54798
40959
171887
19356
185594
463892
102363
367050
120396
351997
291582
318642
126446
311603
266746
259959
441590
91834
13304
347082
33049
238645
405042
66esp32
421206
System&12345
318529
271129
399998
257963
339354
441048
63422
438765
31390
268691
16645
278118
260547
35722
18181
118500
281320
51568
259823
100965
367683
429326
41181
113985
152734
214310
54929
396226
132396
272016
32593
276770
423286
369408
340231
275511
408847
9404
451725
243988
118715
178140
311171
352188
446855
143597
89927
462645
345512
Sensor*4
cloud@5
204080
401666
41145
388843
439669
netgear2018
413659
root#1234567890
thor6
242587
374739
99254
318111
416365
453130
260069
248996
218480
34019
293672
1140
361567
278631
205085
167640
431336
106959
43083
212517
336430
361790
172424
108358
52685
409940
145311
139393
322132
434522
169283
358502
176246
191734
146093
27814
225231
142507
445239
288407
32561
341052
435450
373243
331910
home7
987password123
270145
223941
104055
254603
10287
158039
214509
265652
78146
380961
373260
401798
215106
415754
341971
175697
Iot&123456
181347
76077
381027
394489
208155
344313
301375
127177
143477
117964
413525
14588
271843
69984
160396
96507
466052
9avenger
136817
165560
407017
121294
126735
66115
383624
298224
128686
54274
450344
389543
378994
175554
127108
123456789password123
429024
301251
251366
268612
343110
91275
114802
421455
83735
321932
136644
279675
155906
57611
262927
201607
172308
262164
302251
159367
440691
broker_1
nodemcu5
207110
95117
309036
162638
291711
253696
33085
316209
home!12345
306322
440759
188998
110819
465227
142874
299124
1111philips
108265
login#123
365326
366280
device3333
466344
127179
467736
35079
186452
353739
165338
456145
449229
239832
412345
broker1239
241650
277211
412462
430145
296837
92314
49841
378218
210339
215826
469185
99830
394461
93320
90097
229518
000hulk
170008
60162
83087
461497
137107
416536
289160
272071
200225
277294
290800
323046
258274
226037
356836
379167
424379
gateway@12345
202980
425795
98437
318286
447457
62279
286498
441225
338854
324309
95930
15549
74740
354517
spiderman456
308135
422468
368332
340261
264674
467077
245118
445450
229639
377290
398905
97003
1google
74229
292656
234572
212043
278490
220628
155222
147473
231915
153269
Login.123456789
381897
355707
114479
283383
198926
179215
182218
348899
213787
250378
94880
275827
357430
63210
78294
150476
270640
351603
424532
384276
55625
335533
404012
386690
366609
151331
430010
448564
382131
156973
0000home123
411943
335353
403760
437754
ring2026
110401
332469
446505
347059
142961
175768
160525
115296
345659
204320
2222hivemq
396116
302875
105917
468240
57502
288099
422861
427295
32430
216702
191217
200983
222guest
439582
275389
455696
390309
36352
122902
206043
dlink2025
42246
290291
388555
94011
esp32-1234567
427528
221866
226110
471656
125131
205157
352428
39940
95040
391966
287883
75014
201633
91472
267865
447465
330606
463408
391939
23684
143683
219434
341802
33765
266980
408285
77503
410907
69459
240521
448986
323668
88311
416604
113491
94432
248704
106017
2262
217667
198544
64022
213401
148432
382306
353869
137780
441021
256822
66849
proxy3333
90282
393097
72383
170282
234640
232787
24025
87460
257156
163913
269509
350261
Default&8
122841
Mqtt-
357657
210371
wemos1234567890
66358
389477
User&9
4michael
22553
System!
153477
198688
57922
264507
esp32321
375710
336895
322791
330903
270993
144215
105815
329775
208152
283094
442340
450858
139953
443120
132383
211531
242906
247971
346548
365005
16386
158158
45408
180153
39306
289158
128878
296855
413345
4851
219112
430203
217802
354134
417774
258181
233746
378924
295420
78633
12345thor
442740
142234
smart#2
231415
wireless9
348964
459948
333hulk
205549
164753
273920
339651
318479
325824
92727
3529
297732
94737
441808
190967
hulk333
437314
145996
411100
220301
103238
82014
admin*6
122695
196658
52297
441614
450526
89026
server&12345
435307
183799
327010
1111vera
116603
149954
345939
214171
4271
48286
443043
117324
207302
202731
418613
364569
53029
146525
5252
124501
92183
1234raspberrypi
212591
466629
199887
74693
76279
306965
267275
439607
192314
436328
468534
214689
95776
454311
326260
298502
424517
426298
319747
114907
326343
cihe88
121937
89821
281470
181881
435577
103733
256190
8395
126098
423878
191188
225332
15322
311434
25000
267586
446827
242782
350224
372209
5357
360613
7darling
412700
180549
250369
216408
285965
33321
358500
94290
196333
12580
346899
5esp8266
10131
288848
288516
465252
424457
134561
151449
263906
354415
427532
208330
308560
319036
230360
352381
447104
402044
76134
257989
463238
186069
276816
441123
462458
328840
93063
46482
77765
297987
382187
401914
271713
50151
281812
309226
iot@secure99
